C1;C2;C3
0.9882956237;0.8879820551;0.6476619801
0.4297771593;0.7742422172;0.4676763486
0.007227118482;0.7281144146;0.4419919635
0.3159946485;0.6492960084;0.6372724192
0.7257799214;0.3242909918;0.02282575887
0.09062184755;0.8487354498;0.07433727449
0.186747296;0.4824615805;0.8977431695
0.530472836;0.5763329514;0.7254488862
0.06268501095;0.3066834333;0.9559818742
0.1108795802;0.4703178191;0.6385226735
0.7774474181;0.6725319251;0.01589405167
0.3392034961;0.3510082478;0.04482765892
0.5497330394;0.6998509633;0.2068104144
0.1273522865;0.0113030912;0.5058220791
0.7745852939;0.2203159467;0.6199757816
0.08416211351;0.0421738648;0.6793252365
0.02946513386;0.5716809164;0.1667649286
0.5528754316;0.4320663921;0.3987974298
0.1074814052;0.1122616378;0.9591604277
0.3212134658;0.2239252334;0.6611460904
0.3660513498;0.1996431778;0.4425179425
0.5208088639;0.9120565256;0.1272377476
0.03095076513;0.627146908;0.5508697644
0.4350095132;0.2407844788;0.7467767691
0.03157001274;0.5674733298;0.07921589671
0.9221343937;0.2772494001;0.8138872715
0.2532542522;0.3892551537;0.4560861217
0.4048890573;0.8930277859;0.8769557426
0.4887889888;0.5399880506;0.005666545956
0.8924291659;0.346692546;0.4982874161
0.7371850358;0.3258028144;0.3863825601
0.1029745109;0.4270141054;0.4649985214
0.13958368;0.459532093;0.1283082195
0.3022732482;0.4311426197;0.06828670642
0.736881045;0.8351070506;0.4332914866
0.123824777;0.1225987275;0.9166450693
0.2809778499;0.05697100679;0.68928667
0.09468877309;0.1708992559;0.1494376235
0.602682162;0.7932707003;0.4459819339
0.3569175045;0.5206922661;0.1371366139
0.02739453822;0.3133074036;0.03619219387
0.6969970512;0.697789722;0.8569126249
0.1998264978;0.4422003736;0.1623175683
0.3188977816;0.4287517234;0.2275176828
0.5180568254;0.2449126019;0.8269859855
0.2120195806;0.7478611724;0.1827359456
0.4440069859;0.7105633084;0.1212191635
0.6619447976;0.2804672596;0.1121982617
0.9325788098;0.5160298179;0.9133712874
0.6648369487;0.8366882881;0.2530422677
