0,6560959118	0,9417426417	0,2394569973
0,7955297089	0,5645447628	0,4540454334
0,4139188353	0,5748121795	0,6305651707
0,5143665395	0,729108628	0,09857233673
0,09046344049	0,973620216	0,1551392989
0,5927192711	0,7043592311	0,9402578775
0,9655341843	0,3854523941	0,7715479503
0,6585954815	0,9169288981	0,7504691583
0,7166458812	0,5229333932	0,316404706
0,2878972668	0,711514207	0,4427097109
0,592328665	0,1504770892	0,8887787828
0,8100600061	0,2785207357	0,7867776405
0,449832434	0,2635395433	0,7717642404
0,6437372386	0,373527142	0,2903972458
0,829120352	0,4475783304	0,4913338591
0,4646727667	0,5342035278	0,2651529418
0,4105674643	0,7795213089	0,3805194395
0,5370336039	0,1393455082	0,09955377248
0,1951625579	0,6691724319	0,2952689212
0,2326120287	0,8576159456	0,5717082886
0,4643838191	0,500282554	0,1560907821
0,7415106779	0,6178032632	0,9725842144
0,6677890005	0,09930589186	0,4904387589
0,7246485712	0,2496669701	0,8127392194
0,4796108569	0,5718444587	0,5827243754
0,7634851834	0,9308794719	0,7446807778
0,2255369344	0,1495245881	0,6442537591
0,875954683	0,8016974606	0,9529661441
0,05601274683	0,4899949915	0,2710246397
0,6492972205	0,8296873989	0,907483543
0,7158449471	0,5857068312	0,5243256068
0,1092197913	0,7113473591	0,9141315174
0,5989818315	0,6383272531	0,1429567301
0,828932233	0,259443137	0,06278245894
0,2838668015	0,1296188727	0,5565240994
0,8687808266	0,05231873262	0,8057964181
0,7048330575	0,9103358118	0,6309068939
0,4245143659	0,8067326403	0,7016410285
0,0491385631	0,5894593886	0,03828790918
0,9061076464	0,9056698515	0,6369386938
0,8823152854	0,3496223143	0,1380848764
0,03535939623	0,1782165751	0,7654535136
0,6357816024	0,6629167282	0,5991018416
0,2643670593	0,5354716139	0,2524627354
0,6637758807	0,2158946247	0,2389978451
0,8130334201	0,5444827905	0,8253312983
0,5496186117	0,7642715419	0,7408740165
0,1959217535	0,835601951	0,8529889343
0,1564850178	0,07682700592	0,798919774
0,6603711261	0,2360765333	0,8148463876
